247653244
259403751
2625176466
267425142
278066421
27860681
30018058
312230865
328918379
34197952
34418203
352053266
39585367
435525090
44156044
44588485
552582271
5695032
58243368
62290422
64839766
69209858
80374332
88836132
91478624
9624742
1088207396
1251083774
130682467
132330417
132774626
1335841165
136441843
137780376
13982132
14360757
144792607
1451773004
105119490
108698830
109577961
113130846
115679415
1178011
132389474
135187648
1374924439
14277276
15079315
156132825
1652541
16742420
1681704248
168857946
17057271
17237540
17573212
17629860
179932936
18036441
182441611
1463880866
14732889
14800270
15143478
15460048
15473958
15763818
16201819
164213375
16667262
166767883
16689804
16801904
16895274
17006157
17346423
17369110
17461978
17813899
18783501
18846918
18880638
190615522
19615098
19679993
19927627
20545055
20562637
21316293
2156278138
21982720
186154646
186712788
19058681
19066345
19312845
19394188
19606528
196773920
19725644
199274986
201657301
20182642
204881628
20609518
2156299840
2222673457
2251588934
24047612
2450291
24637069
24752484
248795646
24919888
27814665
29856819
30862829
24740039
24775410
249150179
256881576
262310943
2686834802
30366928
33474655
41346792
46220856
512613427
56879674
62764427
719870536113897472
7717612
41994925
4390571
47314924
479911564
48289662
525312787
5694822
574168493
61875147
63977305
6461032
64844802
67095962
85289376
86390214
8724862
98310564
84279963
90521746
93017945
3188021286
430720257
25104363
82161632
389570101
958390802
242374336
759414372984721408
26545777
260537964
312189104
13850422
387702366
21654575
8943
31708741
751575668
143477053
2342594371
1247940307
27421136